Municipio;Nombre;2021;2020;2019;2018;2017;AumentoPoblacion
"""48001""";Abadiño;7618;7658;7599;7533;7522;96
"""48002""";Abanto y Ciérvana-Abanto Zierbena;9436;9471;9444;9545;9543;-107
"""48911""";Ajangiz;483;464;477;482;474;9
"""48912""";Alonsotegi;2944;2879;2907;2903;2900;44
"""48003""";Amorebieta-Etxano;19576;19529;19339;19140;18955;621
"""48004""";Amoroto;414;416;410;419;425;-11
"""48005""";Arakaldo;160;165;159;156;159;1
"""48006""";Arantzazu;399;408;395;393;411;-12
"""48093""";Areatza;1271;1216;1201;1212;1196;75
"""48009""";Arrankudiaga;989;965;968;970;960;29
"""48914""";Arratzu;424;413;418;418;402;22
"""48010""";Arrieta;575;580;586;567;564;11
"""48011""";Arrigorriaga;12140;12225;12160;12230;12265;-125
"""48023""";Artea;742;733;736;735;749;-7
"""48008""";Artzentales;726;699;721;734;741;-15
"""48091""";Atxondo;1366;1335;1366;1377;1370;-4
"""48070""";Aulesti;646;657;654;648;658;-12
"""48012""";Bakio;2775;2676;2688;2645;2640;135
"""48090""";Balmaseda;7651;7722;7697;7684;7739;-88
"""48013""";Barakaldo;100907;101486;100881;100435;100313;594
"""48014""";Barrika;1554;1533;1529;1541;1525;29
"""48015""";Basauri;40535;40847;40589;40762;40877;-342
"""48092""";Bedia;1076;1061;1067;1041;1039;37
"""48016""";Berango;7271;7217;7195;7130;7065;206
"""48017""";Bermeo;16784;16864;16765;16688;16777;7
"""48018""";Berriatua;1232;1251;1245;1247;1241;-9
"""48019""";Berriz;4537;4580;4623;4678;4695;-158
"""48020""";Bilbao;346405;350184;346843;345821;345110;1295
"""48021""";Busturia;1649;1632;1616;1637;1676;-27
"""48901""";Derio;6780;6730;6631;6545;6404;376
"""48026""";Dima;1472;1448;1436;1447;1460;12
"""48027""";Durango;29935;30118;29791;29636;29328;607
"""48028""";Ea;820;808;823;831;836;-16
"""48031""";Elantxobe;344;347;350;346;363;-19
"""48032""";Elorrio;7383;7375;7372;7336;7307;76
"""48902""";Erandio;24489;24530;24350;24222;24056;433
"""48033""";Ereño;263;260;245;239;248;15
"""48034""";Ermua;15791;15847;15880;15890;15951;-160
"""48079""";Errigoiti;489;486;479;487;502;-13
"""48029""";Etxebarri;11664;11691;11563;11304;11176;488
"""48030""";Etxebarria;790;782;788;772;748;42
"""48906""";Forua;910;907;920;929;938;-28
"""48035""";Fruiz;548;552;536;545;546;2
"""48036""";Galdakao;29404;29427;29326;29288;29334;70
"""48037""";Galdames;842;838;831;829;812;30
"""48038""";Gamiz-Fika;1383;1362;1379;1375;1361;22
"""48039""";Garai;329;325;327;320;308;21
"""48040""";Gatika;1674;1665;1663;1673;1672;2
"""48041""";Gautegiz Arteaga;854;808;836;840;847;7
"""48046""";Gernika-Lumo;17093;17105;17016;16972;16915;178
"""48044""";Getxo;77139;77770;77946;78276;78406;-1267
"""48047""";Gizaburuaga;200;197;208;212;209;-9
"""48042""";Gordexola;1723;1697;1710;1686;1674;49
"""48043""";Gorliz;6022;5891;5785;5683;5680;342
"""48045""";Güeñes;6699;6736;6734;6681;6686;13
"""48048""";Ibarrangelu;670;629;632;636;651;19
"""48094""";Igorre;4314;4337;4284;4257;4251;63
"""48049""";Ispaster;754;729;735;725;706;48
"""48910""";Iurreta;3696;3665;3662;3643;3658;38
"""48050""";Izurtza;240;252;255;255;231;9
"""48022""";Karrantza Harana/Valle de Carranza;2759;2803;2778;2715;2717;42
"""48907""";Kortezubi;439;442;441;444;445;-6
"""48051""";Lanestosa;261;253;251;254;268;-7
"""48052""";Larrabetzu;2081;2037;2033;2029;2035;46
"""48053""";Laukiz;1237;1227;1194;1191;1190;47
"""48054""";Leioa;32188;32013;31795;31495;31197;991
"""48057""";Lekeitio;7271;7317;7307;7258;7228;43
"""48055""";Lemoa;3489;3504;3486;3521;3534;-45
"""48056""";Lemoiz;1297;1258;1238;1241;1243;54
"""48081""";Lezama;2454;2445;2412;2429;2390;64
"""48903""";Loiu;2363;2394;2433;2416;2361;2
"""48058""";Mallabia;1172;1173;1158;1158;1168;4
"""48059""";Mañaria;521;522;515;519;525;-4
"""48060""";Markina-Xemein;5072;5068;5006;4934;4999;73
"""48061""";Maruri-Jatabe;992;978;991;982;967;25
"""48062""";Mendata;379;380;383;381;395;-16
"""48063""";Mendexa;422;425;438;432;451;-29
"""48064""";Meñaka;753;754;761;755;750;3
"""48066""";Morga;408;405;410;423;426;-18
"""48068""";Mundaka;1862;1845;1852;1835;1861;1
"""48069""";Mungia;17701;17665;17691;17554;17384;317
"""48007""";Munitibar-Arbatzegi Gerrikaitz;484;473;468;460;466;18
"""48908""";Murueta;323;319;308;309;311;12
"""48071""";Muskiz;7438;7536;7507;7567;7579;-141
"""48067""";Muxika;1475;1468;1465;1455;1407;68
"""48909""";Nabarniz;267;246;253;255;260;7
"""48073""";Ondarroa;8326;8395;8400;8397;8477;-151
"""48075""";Orozko;2658;2650;2636;2651;2673;-15
"""48083""";Ortuella;8379;8385;8395;8360;8376;3
"""48072""";Otxandio;1359;1330;1314;1296;1295;64
"""48077""";Plentzia;4414;4353;4331;4363;4387;27
"""48078""";Portugalete;45285;45746;45766;45826;46120;-835
"""48082""";Santurtzi;46085;46069;45853;45795;45765;320
"""48084""";Sestao;27342;27452;27296;27445;27744;-402
"""48904""";Sondika;4555;4547;4502;4495;4471;84
"""48085""";Sopela;14276;14120;13878;13643;13510;766
"""48086""";Sopuerta;2638;2570;2527;2569;2596;42
"""48076""";Sukarrieta;347;331;332;357;367;-20
"""48087""";Trucios-Turtzioz;502;509;501;511;510;-8
"""48088""";Ubide;162;164;160;177;175;-13
"""48065""";Ugao-Miraballes;4114;4148;4152;4124;4133;-19
"""48089""";Urduliz;5034;4712;4456;4319;4248;786
"""48074""";Urduña/Orduña;4199;4192;4232;4180;4134;65
"""48080""";Valle de Trápaga-Trapagaran;11911;11975;11985;11953;11953;-42
"""48095""";Zaldibar;3038;3045;3043;3054;3077;-39
"""48096""";Zalla;8416;8450;8447;8379;8421;-5
"""48905""";Zamudio;3277;3275;3260;3236;3217;60
"""48097""";Zaratamo;1647;1631;1614;1615;1609;38
"""48024""";Zeanuri;1248;1245;1250;1242;1241;7
"""48025""";Zeberio;1088;1095;1073;1059;1074;14
"""48913""";Zierbena;1516;1520;1490;1492;1497;19
"""48915""";Ziortza-Bolibar;411;404;413;427;420;-9
